this string is long  enough to avoid SSO    Kassel University          
 
1644574155517512515 10016366405055641352
7454770799712063759 8314071383648664048
17634684419484781382 1550729312902277208
3528231653300766520 2072311690232300015
2995061359640316804 5209568792534544189
2287059487348115839 4477829921027227550
16415159451951933974 13248809571131052471
11298936440546978026 3310714308688798881
15100335294006304679 15578976672308226486
4208352203052506589 16626558501591750565
8748848843167207711 8749568842122308636
5921662852534176408 17684880833474788597
10493505130608352440 4098538459817298295
13034984323570920555 4751119596959339152
